==================================================
学生成绩统计结果
==================================================

原始成绩表（5名学生 × 4门课程）：
[[51 92 14 71]
 [60 20 82 86]
 [74 74 87 99]
 [23  2 21 52]
 [ 1 87 29 37]]

数组属性：
形状: (5, 4)
维度: 2
元素总数: 20
数据类型: int32

数据统计：
所有成绩的总分: 1062
所有成绩的平均分: 53.10
每门课的平均分: [41.8 55.  46.6 69. ]
每个学生的平均分: [57.  62.  83.5 24.5 38.5]
全班最高分: 99，位置: 第3名学生，第4门课
全班最低分: 1，位置: 第5名学生，第1门课

加分后成绩表（所有成绩+5，超过100按100计）：
[[ 56  97  19  76]
 [ 65  25  87  91]
 [ 79  79  92 100]
 [ 28   7  26  57]
 [  6  92  34  42]]

可视化数据：
5名学生的总分: [228 248 334  98 154]
4门课程的平均分: [41.8 55.  46.6 69. ]
